1 0.353452841755738878 0.927510149278901297 0.698529799199816281 0.206706624413407036 0.418282859801487827 0.479287354941356436 0.176116044742499644 0.655710645195687558 0.455009569236826228 0.423716578844913538 0.191000500997375755 0.440951518572599399 0.549178522147234283 0.766213745147832581 0.139272858420617873 0.613441863992938652 0.196214788210018254 0.776144948170290339 0.578988822310975371 0.879106985617706171 0.926309016493915616 0.466928963596727309 0.781393240325416905 0.55384118264996296 0.319031190297544343 0.532053991245847624 0.299382358443045726 0.458045974598453198 0.260648375805917043 0.360135337749513673 0.394246166243324536 0.536553675799326113 0.110507052657141891 0.287745943110423896 0.241184551019946847 0.452101280638870673 0.48743759632361483 0.449093977869833183 0.577006077614972135 0.50196359439052618 0.279369391337353279 0.729969994282638535 0.260163381006616401 0.479039475015037741 0.69359163723479822 0.547269360998085874 0.134235511420279785 0.360122555259586807 0.379304267382418736 0.0648377793840654304 0.429354523806081634 0.437572829117231388 0.358868693015569007 0.356937337671884736 0.573048393828663905 0.584003315246352961 0.333976595137559285 0.372712473717981885 0.494422492123593238 0.304735089114263724 0.560719335444733624 0.460128294232305612 0.706735917007558889 0.808325149539547816 0.398967109290452315 0.397924241439895243 0.440111430367336687 0.544337051459144794 0.415053654013151641 0.614012157927858127 0.61437814054070361 0.371255257025287833 0.52177206411855892 0.233846174605026658 0.751216194512627222 0.528571216021100354 0.601953466494928424 0.281360457862155244 0.367518284673268303 0.469358130319572187 0.394880812443637375 0.752929016924092198 0.194567613027813779 0.0803372985371779702 0.767734813019202322 0.0920127744144803028 0.755184206149384973 0.603488978346012117 0.877276553071975496 0.613927311904219453 0.468110910136264602 0.457735690883217083 0.154665782943097962 0.416432165255024467 0.583253011878864358 0.867028412176809704 0.740754296643252319 0.417491744834082246 0.665721532484049638
0.353452841755738878 1 0.878089655952180248 0.595349276844349573 0.367555167840655894 0.610344927258521075 0.373300853415520661 0.454617804677697745 0.428747331241449814 0.387430519997480127 0.595597719853418806 0.531851526194985214 0.504070968228068961 0.603365349974440468 0.480862733981581414 0.921552717794370313 0.446634548034890333 0.282476025824226262 0.476013685390448082 0.52451940007826825 0.410338272394762615 0.736492614145426994 0.402425472514246207 0.920143403152703376 0.551876831744379848 0.910067838347422553 0.278600685904638379 0.761797512986300829 0.393005409796428173 0.954537166887524102 0.559999488004029655 0.687275973630632864 0.525833723178547707 0.393460838715189332 0.597314431253126887 0.355979874728519552 0.466040449526450073 0.52679377098612501 0.593242574159744906 0.587726072737460026 0.569881228916388149 0.831297493957046219 0.766575411760452852 0.824556526444672588 0.319022258570889949 0.481483219949951469 0.521241988647950683 0.745785939195616865 0.856021905964965968 0.971740322401686507 0.943491701029384178 0.613068278759730467 0.146986317679375755 0.826611911388070331 0.174400620068284717 0.247978724848376575 0.505875985637540659 0.41285585380211498 0.442312622287634349 0.507226581066390292 0.835750594328775742 0.287426760246609736 0.602588981674484492 0.250882035281260185 0.385241312258264301 0.467128763776191613 0.468493691219294184 0.885359123544427917 0.181016265851952962 0.353664818787271629 0.246662523631222985 0.170601413679532077 0.151555216837753193 0.621728155429410734 0.428952859003182918 0.27517958715585944 0.547399368486054305 0.24068944601625164 0.464800935592760922 0.23919621252043799 0.56220215512248195 0.31310733489920084 0.262226078875626767 0.220570955500502763 0.175090509782933168 0.291156668807675434 0.769473704978595796 0.628878268927864359 0.27601921540802532 0.347288412585563977 0.560657604194658155 0.43097742533523431 0.972400820286622336 0.421263647262926755 0.497660974480475859 0.42575843771469668 0.388920443200964971 0.371746696712801139 0.34102525303111686 0.422123319021086907
0.927510149278901297 0.878089655952180248 1 0.0606061768246937138 0.496834563888507219 0.648251522861313934 0.458396264778445306 0.674005470290338637 0.469977094193770539 0.64588697990348054 0.294787962011080928 0.634674760745981947 0.866092193631506468 0.56804747781361542 0.800972779998472051 0.471796749365430257 0.389262479228072666 0.757397718984114787 0.363979522698634761 0.805222715593590266 0.201953620144075474 0.761810052861829123 0.347273729488936755 0.278733610078184091 0.423518209833297798 0.723563999274346781 0.944088004696597149 0.745924807057415151 0.736509072183467839 0.327355935038640911 0.284481920235797769 0.393622403204698434 0.402815156097182214 0.213892785475312652 0.638578240715727885 0.336933799262267408 0.33874795235169175 0.972104960114566374 0.667208135068401487 0.604939222762653661 0.287136881837004365 0.721955554805148725 0.407148550808782539 0.44708366028781743 0.437511095157990249 0.459634043137784776 0.576769890246777162 0.828176085626844749 0.485759597777299601 0.504168486482058364 0.771873528988166302 0.3675242726350747 0.400844873689894521 0.759285805497995625 0.405825461163472845 0.573593545260933202 0.43007775326402764 0.364936911792803853 0.654254663696602012 0.411527777252733484 0.651208410955891992 0.83578981893769666 0.390135683684829537 0.388492573614649728 0.470612029516727093 0.331454015896976983 0.333325753696962823 0.719229035114000492 0.565480259377497463 0.574429583709981761 0.607150189024465714 0.543415733750863605 0.419990057757249291 0.375074887021083603 0.804132293692229383 0.500714425156965737 0.365174746887857449 0.529549523532584332 0.863516037795464264 0.555107276277164496 0.557828643606786967 0.324744242253675042 0.548443735014274347 0.453539736217642986 0.902901574259775908 0.831549000389094628 0.628469449858611195 0.827018785524004763 0.726364219815691881 0.453450282666121751 0.750908717940067194 0.34534685904213891 0.601797002921257596 0.672466898517677825 0.59755325562842998 0.136089685251178705 0.520597006858362521 0.935562268272582598 0.432301165073611604 0.758621361699307495
0.698529799199816281 0.595349276844349573 0.0606061768246937138 1 0.393131816197671791 0.364349712190063402 0.700384171556813317 0.469641923987665133 0.142472443633099077 0.366664209050842516 0.452119799453625237 0.752957932175163602 0.623843273551482613 0.632200667319973264 0.700198845456561303 0.251275568179835096 0.698831308952295283 0.882609048571094457 0.655097918458172335 0.453520396504362822 0.743400602491216644 0.499145218655994038 0.652568112306652015 0.861969016804196242 0.23149833206363335 0.00989658030486229023 0.595045115073949749 0.437808773639677185 0.531152807527591309 0.375176779521660064 0.414760008514779122 0.237249169515714398 0.193370792391938884 0.201740006627531221 0.568353218191206877 0.322753787885013743 0.898562494387397548 0.67249264977712242 0.698045573085256166 0.370084223336994644 0.276629433537404323 0.265660097774590764 0.190976098733689259 0.361114898512226556 0.687323765971338929 0.610167667048950646 0.846608793381453673 0.634783795784856331 0.331910082009767349 0.56995811249098649 0.315322914546035449 0.759135263559817419 0.516458826924843128 0.848362617141917408 0.437199865330416992 0.324159019491862654 0.259861659457959027 0.504000744846729076 0.333442990725145494 0.758861552143087925 0.63565467087539107 0.462169988640769969 0.516154861062225079 0.801318701545355783 0.404343505763190114 0.296816690664350014 0.180620580301451783 0.384190643625302419 0.59587870601716808 0.666320273452015943 0.311974983063374012 0.545681347417278584 0.671226531134425208 0.428824157980043807 0.805581034250773764 0.751678660118725084 0.127684559222918437 0.460979266444410563 0.37426362210239883 0.645522363816416367 0.216522169786881991 0.76352278373686433 0.436995839764257932 0.797093990047274437 0.55747809776376811 0.137206228720960999 0.351239013824446111 0.772502227207912728 0.825493380430293744 0.444720352032653699 0.305686838852782694 0.48549098763648757 0.891094103516835045 0.462405867949402749 0.591673327579729236 0.38568992712407324 0.611027199146930933 0.321698020586669853 0.353858140657572706 0.584474562317367052
0.206706624413407036 0.367555167840655894 0.496834563888507219 0.393131816197671791 1 0.546604346620030657 0.499323599504023496 0.42084689384145979 0.281609514956985052 0.387414661970525209 0.622968915985395721 0.269427068675619941 0.269618177451680818 0.395001458465216837 0.433284821780374862 0.316407268282019816 0.0833759697399099053 0.0948779024889019329 0.354840679217292898 0.837775050439358515 0.529244742455296846 0.481136630759128603 0.551990154796807908 0.642397126440605315 0.7854929616650137 0.749899509228444616 0.594426537699338509 0.3740628908810959 0.274646585248747632 0.880209509734782958 0.166865376335423088 0.228146911532068009 0.424656576035075783 0.298815028101019009 0.498913159777666593 0.712086912008671136 0.60718934281259318 0.475887034858405111 0.737331554896687669 0.304574504452825634 0.565623785196668116 0.239000463070065727 0.678671062944624537 0.56807468180461973 0.717380903036442419 0.192969181243373034 0.398613372433745727 0.579608133333471054 0.263070392671305053 0.490220066620539408 0.157009921643584516 0.407014141369481997 0.770150525973972933 0.322153917763972064 0.482121320330806125 0.232603488909153944 0.562316423187948722 0.591763096500369512 0.478198573805893368 0.58680360822118327 0.0910197777419725629 0.278962381888942845 0.208184551989621491 0.489470222595818405 0.639194685033156018 0.435269471059767543 0.842357502530715285 0.740807213289916389 0.267744171794655705 0.549061957340267193 0.706421056422645965 0.617944408756148533 0.732901320612830531 0.634909419827680344 0.152444300420546797 0.611205142174491955 0.0893915863997423177 0.414462254121239937 0.601367445321678407 0.469279823560069143 0.452317129846294574 0.389334601314963891 0.195553117016988631 0.380284166788308564 0.716739387215603374 0.197299339692450726 0.258768989947846251 0.703427027252980896 0.600698870466010559 0.108435190927083869 0.866430375778719952 0.571998253379068289 0.408768097543614761 0.0459832621802610531 0.658173800590525548 0.481147163878957174 0.164744150861793393 0.892749951923127005 0.270052090386978083 0.553937662478930504
0.418282859801487827 0.610344927258521075 0.648251522861313934 0.364349712190063402 0.546604346620030657 1 0.344113623699174309 0.332754377675546165 0.442949444398596404 0.72652116167484182 0.370847922478088732 0.486245694983036492 0.757452544002995776 0.861867648096787065 0.534537992857273436 0.916080052861145022 0.714805432521140371 0.589918093870922977 0.813864418778919574 0.423512535281178826 0.851241105223644712 0.285646982129451832 0.619470543815449526 0.352313530010625264 0.672364199079994673 0.570299527025760922 0.289386720311855417 0.420372049072104348 0.416927763180007682 0.352901001477033516 0.606297243389608775 0.544969628704429887 0.702946652797332705 0.714658919584800545 0.474411344619576569 0.696695551183086459 0.659394214631604636 0.34104271256988905 0.467023193748443255 0.248623807416291642 0.248614692003512383 0.859752732622252269 0.463356401527170614 0.481197407301307778 0.642123298888817251 0.460742634684125907 0.601031678545622228 0.851455099432279483 0.178999612910503036 0.288463127609426273 0.407992650596463724 0.0901935369944990573 0.459010145159735705 0.362611256120538572 0.303479563887379955 0.69728296783706667 0.721570453355166563 0.443405342442906858 0.160600833423391931 0.0300375918453462676 0.469706266785805959 0.502772419977988161 0.35421171323602918 0.621774090150358227 0.475793663019769664 0.627037567807119944 0.366148290232372275 0.647048349634271935 0.232566982248531007 0.441377811172006251 0.345507316126802411 0.676933630581805446 0.263121326873671624 0.653800256309950423 0.247044759269355207 0.786141646421817164 0.278726434754174912 0.236682052077168081 0.78449238823568368 0.396850814117621242 0.828696651596535938 0.668835806475630346 0.419433476557008911 0.371422098873331885 0.310179536912571052 0.612357481653752256 0.3779502536999928 0.40328142221607477 0.457594054285272112 0.738444986011025262 0.723005846954140274 0.283011434293580111 0.442069587017975829 0.363509892150078562 0.655824206627180439 0.337219872140277044 0.698397398998921393 0.748985259416439009 0.939247678254661933 0.486518755223748989
0.479287354941356436 0.373300853415520661 0.458396264778445306 0.700384171556813317 0.499323599504023496 0.344113623699174309 1 0.691396947211558199 0.287501208185159562 0.847228552360818732 0.0730423830717765732 0.760553220311229738 0.451392849291370912 0.666528627049895572 0.97203683554742959 0.328247770019510332 0.584389776158393159 0.883111141844951986 0.288327689145379651 0.673934636538423115 0.324375630944535587 0.522956360125985897 0.549926510837930316 0.68783769142753215 0.670682826054119774 0.649041805829960849 0.618002665644012072 0.265745229011806749 0.31502824280006525 0.311439047978331995 0.511298292213808847 0.614657037872194612 0.405434653611417728 0.597071351154033647 0.882830326023346657 0.620865974774739926 0.260367707219099964 0.683021655266207395 0.499882360626135114 0.192999312871656725 0.572780672890528919 0.778698081186090407 0.33649607909113699 0.376859441346699242 0.447366406406187966 0.119963980342821297 0.503192320585445496 0.831563912412607298 0.58481376788822681 0.635532168822483756 0.471117592345138947 0.204652576625888871 0.165235516059969223 0.603189095840504286 0.416858940306738313 0.704145418193524275 0.946610181050002275 0.332362961438993132 0.241068766264985301 0.517822803621956984 0.800137394537455915 0.220650315053090074 0.224358492008113086 0.0504979311456271729 0.454365440203416737 0.770576968541382801 0.633813041852820391 0.575853460356120395 0.283716219038285367 0.500560055611226407 0.340724120366514449 0.435974176304000371 0.545163695562523642 0.65106753153861141 0.327806172812347807 0.697883009359759443 0.353546971151458278 0.47568948977544423 0.496141501928512696 0.432365544925907397 0.511135379718956617 0.570934373733772871 0.513028275168050052 0.13594516862724737 0.439118552136403828 0.49605607724782419 0.172262166555832263 0.277462496035558503 0.354738036137264734 0.367443245631976279 0.47900511401670065 0.441962758264860978 0.987934650251155011 0.413716769167286835 0.368628629423840337 0.759482360130473544 0.396935620980195525 0.343045332018379945 0.719755102211015574 0.791633232694695543
0.176116044742499644 0.454617804677697745 0.674005470290338637 0.469641923987665133 0.42084689384145979 0.332754377675546165 0.691396947211558199 1 0.620214341289637705 0.411024834404992934 0.888477122499924055 0.927429077237838406 0.796343073420303194 0.917405294893045342 0.801813685087596761 0.722410181324356859 0.510073095098728779 0.832738709976512004 0.736500586536030566 0.29346950014852069 0.647340044565914985 0.509304778183283902 0.746942394904954066 0.498643920618911496 0.445084262130524433 0.52987562715978842 0.492347550295555658 0.824839421448615218 0.80586210238415612 0.470147299847027078 0.32426354200214913 0.315610937202167929 0.630241629815702087 0.604993419793481424 0.759982542236151248 0.252967957277734357 0.475055777931365775 0.870328267894032948 0.294536539363200678 0.789198248522413159 0.540541385770653804 0.665949161601435247 0.928825538878947476 0.586663417565711609 0.529503211413645314 0.745895658544652784 0.552909927389005351 0.66427174574164749 0.509675345266575874 0.670700342359182855 0.360168453251668685 0.533294724067273629 0.447429692506519761 0.39528299074296902 0.765571700868918126 0.450034745610579767 0.29107089725316182 0.336340935552054132 0.62839661985047135 0.502192486945734484 0.650652621039974344 0.619921109861047315 0.892098008527854813 0.317906183763787209 0.556229145871203645 0.450111676436432573 0.4457269547266558 0.380956635567505142 0.771977337222306215 0.566366159260633939 0.532307776500939522 0.807813092870817817 0.724260213125598407 0.502604693663906588 0.309663015853903545 0.155005345779999582 0.289057343934542299 0.743501510869353233 0.777267629093315149 0.691569296179348481 0.501910014319918663 0.589831581883971001 0.440047489024552485 0.570893413296393204 0.632514656849823664 0.877904139698049146 0.31294102146455316 0.214295860258001625 0.446340308797354313 0.553667449073568241 0.711376764978179699 0.578268346780287601 0.516108625784940989 0.486832275725452401 0.181401572126355326 0.754785968611961233 0.444056860696269262 0.510134153080176844 0.774204661460770494 0.622181005664354636
0.655710645195687558 0.428747331241449814 0.469977094193770539 0.142472443633099077 0.281609514956985052 0.442949444398596404 0.287501208185159562 0.620214341289637705 1 0.386570880542549844 0.81883130785645053 0.149298182701656845 0.874095723116742884 0.77534147036645773 0.382348585164011157 0.51983405431657892 0.233555567285824051 0.704702984255016318 0.376396034495725562 0.460174944862655977 0.354342372773326697 0.443646845648054455 0.640917385357660296 0.62815790888819889 0.802368703086837831 0.689893474646431692 0.362090861037462908 0.045901081912277486 0.493459088837205018 0.61637206785750942 0.369998588381110105 0.636439933473466057 0.592636802977230426 0.374583362157037136 0.399661049167031157 0.344012355961758276 0.742893776682986395 0.81955566613524411 0.735450705762746626 0.475161870571917389 0.535497320232804164 0.579720998442512903 0.161207423744464617 0.559063902891023812 0.688699667073121358 0.441550984693270476 0.521779037773456245 0.678721325606476911 0.643969441648206353 0.903348570873620638 0.593284983497288421 0.544625448575946525 0.469884713291204958 0.363523395685757089 0.23289632295339624 0.108042191306724211 0.280849622286285294 0.716430674251862687 0.402062586509279951 0.890524832456820903 0.640680163114230705 0.61144496120862224 0.669076435767905875 0.445009613288270489 0.61767953357719807 0.442641927132002122 0.88631785100236915 0.0506570745924525001 0.856137751669734826 0.388479661045146418 0.500209497075550291 0.121691396665599472 0.717764755093521556 0.45092486023006062 0.560911759675370658 0.0418322937976982612 0.481270995829088832 0.921053437261470709 0.0632470063614491984 0.881997545990192311 0.520999164602862885 0.330576820500725566 0.58387549501545255 0.357510507368091535 0.870741535990118942 0.55931186775775843 0.61035792656844623 0.503192749979037179 0.783510585896334266 0.366139356383352599 0.644463528056467894 0.501334428105533525 0.377636707300946006 0.416227644842678046 0.739727756478570031 0.384916178159236955 0.479459678274346102 0.461615787739148686 0.477070518846370417 0.240857900305646022
0.455009569236826228 0.387430519997480127 0.64588697990348054 0.366664209050842516 0.387414661970525209 0.72652116167484182 0.847228552360818732 0.411024834404992934 0.386570880542549844 1 0.719396040260468217 0.801144695444555355 0.466180227980982131 0.303635839229609905 0.87148922774390214 0.715697508330945587 0.345521898276715422 0.2812908291018823 0.486403701373536057 0.892145875195224036 0.9479793953599982 0.291806928927529574 0.689037641987598426 0.423229431468549078 0.245217985141900741 0.387902893632701806 0.470039675688890934 0.805300726978333881 0.425935852390446179 0.597622398461057469 0.403195974568610449 0.240688458292824148 0.643751802445141408 0.21406237016583618 0.428102832171888714 0.491491591709944498 0.762893488715672197 0.642619666836068415 0.360887557867682673 0.736139724827883146 0.648914560866447054 0.431443623980311775 0.42268433538834882 0.723364281327716352 0.355388167007292699 0.316975202038566883 0.728742755540837228 0.652145952516659522 0.653714053044231136 0.541487768867587982 0.331029130962140039 0.406844357245033539 0.754529745162051846 0.629153111715760271 0.353683615376446214 0.410068358758676199 0.542409596603617539 0.476023727299815125 0.53508344874180036 0.729798504051044628 0.858314114350521629 0.86094326922888631 0.232605579370231075 0.306172526926727473 0.761038237678199003 0.381486024605195762 0.616329200625508111 0.35004755997326864 0.290702957794990446 0.929235072603368906 0.62060481554100122 0.697711939307348539 0.745485881202188727 0.443197636737196143 0.673539925279344698 0.60695029347131868 0.704097060775627059 0.536544122635678411 0.428795719362451644 0.213529070610493643 0.453644743268201034 0.440785404413108539 0.576316401594192174 0.425682677116073105 0.636526147377603602 0.0460006441005835764 0.57611803115814042 0.659415933390658071 0.455210012101294748 0.916260468362209757 0.558090795637650183 0.364164862195379579 0.912149287208936621 0.50719336733965692 0.488045748309649752 0.314153366593025618 0.755646266242238518 0.486460783108706663 0.514894271270983306 0.326720037248787731
0.423716578844913538 0.595597719853418806 0.294787962011080928 0.452119799453625237 0.622968915985395721 0.370847922478088732 0.0730423830717765732 0.888477122499924055 0.81883130785645053 0.719396040260468217 1 0.662681615926789425 0.403702386938215807 0.838280759843665457 0.223991082840460543 0.863008298320198541 0.605355183482311321 0.80298464981128248 0.606658661928502152 0.437101213048547987 0.936183245996183411 0.425423309065101285 0.320992796307897565 0.36740236319035291 0.372711537609901278 0.607733905501448901 0.284470776499494926 0.401259830549030472 0.814959906433416759 0.53939474471447646 0.636815516363746559 0.483039583664788719 0.337958989766597107 0.537928900276001931 0.0666191281698851334 0.543210198597903204 0.572585377598828993 0.333968088245079175 0.935673167168751929 0.136732965725459454 0.518959905932941057 0.347112501823789388 0.216749980843684353 0.670565694374600341 0.500917709069527373 0.741501280856726952 0.200008032454406459 0.866472846991348744 0.498333272076826095 0.870075320773894045 0.585967670994400169 0.48646398980286365 0.536056050284390073 0.462529203994090476 0.490044613233539206 0.0467925333794122489 0.49746537080634845 0.484284355494166485 0.681829062275790432 0.436182404574613436 0.264090400536406089 0.665253960630701968 0.706753012829136051 0.535206572002245085 0.202987469972206513 0.441384858095934529 0.0440943060679673815 0.51441596482456986 0.276570645420240124 0.114421532775430324 0.226135358881979665 0.256678402089029145 0.448078333154959263 0.434976026790506953 0.771911484020400329 0.714176929836989438 0.398085836989109154 0.72650173605431545 0.359764701098047146 0.3644479987475433 0.565703966387082979 0.328644734914936398 0.736300382662977038 0.606804272374280584 0.758311094421406873 0.464228924028590617 0.479054465083741943 0.603276117383199528 0.335584363274142428 0.194753240112229831 0.658165282306624189 0.681973810614688203 0.327499290022566614 0.618148687826498344 0.256381754624319558 0.662980289472985929 0.902396479238365412 0.330823451682066283 0.538611904094238314 0.922539028258988592
0.191000500997375755 0.531851526194985214 0.634674760745981947 0.752957932175163602 0.269427068675619941 0.486245694983036492 0.760553220311229738 0.927429077237838406 0.149298182701656845 0.801144695444555355 0.662681615926789425 1 0.489536450853277461 0.175591476485471687 0.152742093191819306 0.421486706301666625 0.60770703368906398 0.299125831636675166 0.485599629041873815 0.187941516889317595 0.451074273107785806 0.48437476976280569 0.508905883527878133 0.676234036666444438 0.78318183238562189 0.450431112602874606 0.789234453348441445 0.286365965933039868 0.420758693604149081 0.624468852665993279 0.922232665866620671 0.501087077683422755 0.484087663625353049 0.321715611116466071 0.776401124212966476 0.840289326633545386 0.514064069349959851 0.778371715076751736 0.544187560285130267 0.622108537303844855 0.818365328217662169 0.096297007090411002 0.485060992845708583 0.77967903963637375 0.412734134557015686 0.364480435663784741 0.185138884058244191 0.760716934143205403 0.481362454004060192 0.427027535072298514 0.383057118826780951 0.657425841121749732 0.24931256523472789 0.453518061496040348 0.455593688390636298 0.433704745926738355 0.62993535947264323 0.430349347867142296 0.234293330069528016 0.165554117873489059 0.799814638933854183 0.58529764636540027 0.734323804499988686 0.342219352514790964 0.780437393687673953 0.765117212811926128 0.595952394236827332 0.119486488829478876 0.232351752963442015 0.415881534240991169 0.23358086173703585 0.0991495738122147863 0.495562465830687526 0.634940842688042739 0.799812980811638541 0.411902793982076187 0.685007348899926427 0.746654909267882472 0.678719913051300416 0.284932477065389489 0.304436753355305623 0.464734772297434207 0.210635703394529417 0.873990404420686318 0.456030606679462269 0.217911999013939539 0.423195395547774522 0.0878145557684437694 0.427636385540383857 0.157753832929300009 0.398107624806081195 0.77428496045049422 0.158454410842401416 0.397610397174502972 0.151479217591638626 0.508891052729076865 0.707883170893936486 0.758126361453923092 0.402359535354797182 0.673317788005193041
0.440951518572599399 0.504070968228068961 0.866092193631506468 0.623843273551482613 0.269618177451680818 0.757452544002995776 0.451392849291370912 0.796343073420303194 0.874095723116742884 0.466180227980982131 0.403702386938215807 0.489536450853277461 1 0.406930095071442066 0.323517926589025784 0.500610400387407894 0.669923324566542799 0.976230872802152927 0.470640776932391147 0.65592878011887934 0.468690727041864319 0.656680956113827596 0.613739699365363212 0.54406092193039024 0.573761132156797915 0.618485046618398759 0.753976290316247022 0.298258491393026848 0.262505028258553041 0.477664929894674239 0.792044710616029102 0.415419306202422511 0.697937306687615 0.14053783239320139 0.516367980368471979 0.379739044278657678 0.418455718535323817 0.471183074207326857 0.770080907232791656 0.747077236378787868 0.534127088686415563 0.387911084014753937 0.288651593966974707 0.449970459613783458 0.397634496222121991 0.453697328124008203 0.609378879123894546 0.921858554862660551 0.305400591184858294 0.41468615876618331 0.542115100734140709 0.427733551367713738 0.447583921950395314 0.648078109233677258 0.457179940372725913 0.427119419896132113 0.577755105354214038 0.400054380156081524 0.568468175396855457 0.560405366663123017 0.843564109773677795 0.246454502121640218 0.515893141438356073 0.0367897554497833568 0.397769179299649167 0.190851272614563028 0.548614946732232545 0.387983187334712265 0.40206336169405299 0.685969993148120127 0.560107989399231565 0.388349925745046121 0.32322380101149073 0.819678134440177342 0.480564104272323656 0.789427759267071427 0.798826877171572081 0.205051856739190574 0.432843132856978619 0.479613641364904586 0.248373303766368458 0.565498659694776973 0.0812757563599650901 0.178020106540334844 0.592096309417395439 0.547123951413147513 0.836568853744827479 0.439702691342246044 0.630763882160714107 0.679303760950832558 0.851385884770002876 0.956306221302337001 0.621820261247731154 0.423793858893669051 0.207591717604296955 0.468698604658706941 0.590359021626892133 0.54483110975144633 0.491788197307787778 0.387897463975619639
0.549178522147234283 0.603365349974440468 0.56804747781361542 0.632200667319973264 0.395001458465216837 0.861867648096787065 0.666528627049895572 0.917405294893045342 0.77534147036645773 0.303635839229609905 0.838280759843665457 0.175591476485471687 0.406930095071442066 1 0.582873764992876575 0.753245274219610073 0.519013389413234494 0.26377593343265926 0.797453194612990801 0.890794392980060024 0.261037984865457151 0.0329288286051194756 0.53453427536272291 0.891781745397374426 0.512344896277194595 0.711880283508832257 0.369632128131175519 0.7095475345846467 0.380188247839760907 0.553160706724080686 0.508283018951766308 0.395631830261025552 0.64463094111346031 0.437712943641221597 0.517473726143454105 0.860823668728372349 0.596939306353296839 0.264182858450664471 0.387719412986217371 0.70774817493763531 0.525343567687033497 0.656177214091556937 0.275476674183283032 0.713240002546784546 0.470567616893706964 0.64846220927607412 0.476856968166416539 0.625592124038349295 0.844085307241055793 0.370882810932777973 0.183597033666361709 0.666801997078357189 0.413138516998251326 0.400216564549685128 0.499004109908806837 0.382864734244468985 0.479674782867876015 0.611110185761889468 0.557139641542272579 0.487025708451421568 0.335658546448554862 0.7267216649255408 0.222675177793806078 0.618271501385403432 0.680918610238164801 0.771455065452131272 0.354900250700331599 0.698867938652224185 0.691615564780963532 0.862414802270389136 0.19364597314432519 0.404087562107088738 0.268580493442033275 0.424115733057775612 0.484122015383529503 0.150378758515976818 0.457584243542694447 0.684847292039024724 0.136391258911181645 0.61057991874942863 0.571874290013509201 0.335962548275960726 0.727643724023987692 0.596200475103561001 0.638859882779803545 0.488826447071776138 0.461028131670116026 0.949578990437269121 0.83551913754508278 0.06406627179166835 0.848467038397597517 0.653652475775292841 0.689414987032153315 0.338237917475981753 0.513525905816109129 0.525753482416471685 0.549778556922499662 0.63136186874311595 0.557343903621652093 0.65027279371390756
0.766213745147832581 0.480862733981581414 0.800972779998472051 0.700198845456561303 0.433284821780374862 0.534537992857273436 0.97203683554742959 0.801813685087596761 0.382348585164011157 0.87148922774390214 0.223991082840460543 0.152742093191819306 0.323517926589025784 0.582873764992876575 1 0.667111689600512592 0.243904916543818517 0.405884254655901389 0.246073778811294774 0.254398541972226111 0.289342062030193747 0.62282292992396604 0.401123849501703544 0.468549525991428295 0.151176641388385491 0.692936175490125539 0.573943972585233997 0.436478359253301917 0.171997265328423521 0.3519540458231325 0.798238285894733224 0.809219092602495138 0.878912736001406847 0.722380812065171574 0.489590999931699855 0.577890695296037427 0.648850204533435004 0.852337864453460936 0.436578308451148533 0.288103899925290508 0.816020880147846794 0.485698909033475901 0.279769709379721232 0.330419724327741249 0.166374382232617135 0.461147529560291924 0.502525054219869483 0.879919191821707969 0.761034378041915982 0.484392491125497648 0.567802056006386668 0.636538999827994667 0.588153976671086376 0.266613390829997021 0.666420525235980499 0.283675505689619856 0.954447968575991568 0.566973067994624769 0.62181345016405154 0.6054906261849613 0.552263468346729902 0.879812369305074338 0.782981161991160191 0.495345596432799296 0.58574479212269237 0.518744162886171312 0.372198333639421453 0.410876509345362018 0.471053984197888909 0.513643825183827785 0.295495728798284674 0.44128564462038522 0.558385048561773067 0.0888759241404811773 0.699416103666967937 0.313068683454422514 0.0870977819243374807 0.849271894401552485 0.358409989171291077 0.884568153595728934 0.25529299451446108 0.390825576824301413 0.23791712253403563 0.483588090772657075 0.473136659944756732 0.206315291037881376 0.346407422788559627 0.432211061662611584 0.692563253576853999 0.677791902333062746 0.823928358324457211 0.626477083828450132 0.419561563860075371 0.336989511344162884 0.708481696450965703 0.660390386941975271 0.592391393357495577 0.394635188271211912 0.422334705817462908 0.347289681945236017
0.139272858420617873 0.921552717794370313 0.471796749365430257 0.251275568179835096 0.316407268282019816 0.916080052861145022 0.328247770019510332 0.722410181324356859 0.51983405431657892 0.715697508330945587 0.863008298320198541 0.421486706301666625 0.500610400387407894 0.753245274219610073 0.667111689600512592 1 0.410544784288724429 0.827649353692395784 0.106784040570735872 0.701852202843788908 0.890780497027355511 0.50515689972405553 0.23187501027668711 0.490254686671647288 0.487631249316476612 0.644960924372295352 0.480141506582523969 0.692077643388681052 0.644015408367029529 0.0331989208533041147 0.40305846859534844 0.499429665592157512 0.414443157745357782 0.167589597326515793 0.710086298724224685 0.431075308304186944 0.323042788530982117 0.673556132123133144 0.697221745207556198 0.408920250025955667 0.835154886024190191 0.200113795890831891 0.485944818602729423 0.162814760401723158 0.211233538755421502 0.261946127042143484 0.59689337643919993 0.592473637275958254 0.396459224829598833 0.27646671800919298 0.433255372006225326 0.46694481037715807 0.203997571565611047 0.660609284509041883 0.908090205407651285 0.6656612931665713 0.249642067448583083 0.567207819880495734 0.625165597198636291 0.562937658848462252 0.568708382007510616 0.395462105973245381 0.51329032589896828 0.193527633202177807 0.203261511053548505 0.523973933279621273 0.458538852832279797 0.594592025140217251 0.548828138726594972 0.65259606896859168 0.560561769388760123 0.299465688488544268 0.512875729003660297 0.551079437847223019 0.510929726969227449 0.710510663355392147 0.435971509036173988 0.276844942282622131 0.0979282965129084637 0.53090219050835441 0.417991117841909787 0.154751669069142395 0.52241022982295493 0.319272604073565169 0.708820995094224027 0.538950065721910954 0.485043310431852337 0.349388934287343966 0.645463443419425298 0.523102094280896712 0.476753364540837943 0.726455513687709997 0.792189171121923552 0.621355976191749537 0.857939496283289138 0.248020498716436055 0.142110495550576532 0.0213116618472364294 0.556084382938911492 0.26794486891143765
0.613441863992938652 0.446634548034890333 0.389262479228072666 0.698831308952295283 0.0833759697399099053 0.714805432521140371 0.584389776158393159 0.510073095098728779 0.233555567285824051 0.345521898276715422 0.605355183482311321 0.60770703368906398 0.669923324566542799 0.519013389413234494 0.243904916543818517 0.410544784288724429 1 0.324907295750729963 0.395004547604539513 0.309242140102896301 0.734326542325946852 0.446956399207416366 0.689898582942652716 0.363592787928443517 0.286044576378076454 0.720161450593022279 0.132698713132985757 0.810249417475922495 0.413536519948104475 0.347329308602433828 0.420979639332384248 0.349655873027059028 0.299126904940688165 0.594026916991998388 0.645547270060949474 0.193449877337094733 0.615986704634359006 0.673265800371855905 0.333801765531691608 0.366283888379469902 0.518257399864525459 0.524301336399919937 0.687727433792191589 0.560053537544913937 0.890988912332201011 0.634200227287555762 0.453459522295688755 0.626236490906342258 0.162195523548064768 0.122483660046942999 0.319664173257351969 0.592136476221961416 0.747192336066798246 0.416972578210203837 0.630083402740733822 0.202244391218702524 0.650546642212737503 0.449477828653824574 0.267894186532009915 0.429069051176158456 0.287356151919482494 0.456285154162647144 0.841942290686854999 0.208055998701804024 0.438417471245378776 0.688403543780253924 0.717739966128295714 0.663926506302025543 0.443926974167353605 0.447259022179987364 0.513946352940531259 0.639407414963586884 0.51968649141936285 0.375975525933691879 0.729104773989162402 0.629421210253950258 0.521705738488987381 0.553282599084997218 0.520165747077967477 0.806804725505801956 0.570759902146191322 0.583599712496362999 0.707263104575005519 0.430732586258997241 0.780895010266604683 0.27379323536128819 0.272552826676927817 0.217556105871805516 0.561973468702032686 0.772539821741633714 0.499747329164377585 0.889522697899353898 0.484995206659390554 0.313830220729028442 0.331379468008909939 0.416996758242785481 0.0351897869156834187 0.525303033884043868 0.4281715180208574 0.344873079419892647
0.196214788210018254 0.282476025824226262 0.757397718984114787 0.882609048571094457 0.0948779024889019329 0.589918093870922977 0.883111141844951986 0.832738709976512004 0.704702984255016318 0.2812908291018823 0.80298464981128248 0.299125831636675166 0.976230872802152927 0.26377593343265926 0.405884254655901389 0.827649353692395784 0.324907295750729963 1 0.476800551770190983 0.195501620947122867 0.71046215260405865 0.776682311564928507 0.474618959086624437 0.664399105234225296 0.887387973230411298 0.335722973916507739 0.339968320261955781 0.629460150764364901 0.710497685567766712 0.52903026246654794 0.508444722553156536 0.782889090769528728 0.92545102055172912 0.639501238117435755 0.491482650830705303 0.377318691328791145 0.65633097369010418 0.567196699668210291 0.801606417606686494 0.658331941086349293 0.263352272600795523 0.472216332019268714 0.71165905765782056 0.245672355906137119 0.470961949941565372 0.59005706524775603 0.160029455319156133 0.419806423029288389 0.7238502537706486 0.649646949729697942 0.584571721575893766 0.296253901249753371 0.157563005944262535 0.368607101694376382 0.275905306441864839 0.711008532635481028 0.637663443728148649 0.492928641262293521 0.58302868584705636 0.317870879362120995 0.671446622497916423 0.377554297024801144 0.451446268033228737 0.101126863483967711 0.488571819905269988 0.406164969517120555 0.749200606974915306 0.928677513079252281 0.321327589849933148 0.346143636621590201 0.206228817691389565 0.58358211769113244 0.398066007728126947 0.580036124937428621 0.805589762085074934 0.391128615314923933 0.641331338388176242 0.86801421938682255 0.737459988308706405 0.305091535404150571 0.437206083669888557 0.393797195046012072 0.367563405812456168 0.183788328643924581 0.611096824153556595 0.794875775257603778 0.253372487126010792 0.685681705377132911 0.33435316086204403 0.375526234026611672 0.68288601983944619 0.814300475983823269 0.309704782968670989 0.264864461461093104 0.78346346845642989 0.617676831786766245 0.529460920485650854 0.0902364884911310838 0.805773357274299995 0.617650408687011154
0.776144948170290339 0.476013685390448082 0.363979522698634761 0.655097918458172335 0.354840679217292898 0.813864418778919574 0.288327689145379651 0.736500586536030566 0.376396034495725562 0.486403701373536057 0.606658661928502152 0.485599629041873815 0.470640776932391147 0.797453194612990801 0.246073778811294774 0.106784040570735872 0.395004547604539513 0.476800551770190983 1 0.801913580090915179 0.608731074552311124 0.916580158418114466 0.341901812922534631 0.158314331354631577 0.425470598173149916 0.472219802474860506 0.370817724909118795 0.515749496198178115 0.568449645895203748 0.922025096346271167 0.460173704183230114 0.765577836837056269 0.483058140591700269 0.579018132865040114 0.349355429809934392 0.440780186810399877 0.899621508800539482 0.681538199743580098 0.139334115342809706 0.904773998657941947 0.467054334864698051 0.452343979033461352 0.495865231635723491 0.332814476492580669 0.637830105347288345 0.534326921189238524 0.385490150673522214 0.581221712697384651 0.540515999116385704 0.587929148094300302 0.228362148989862845 0.635005232763200311 0.443047524219365885 0.903216163763838842 0.173787893329561793 0.280132225600604912 0.91119663141855467 0.189768217954661367 0.390968555605681223 0.535276367485059024 0.262848860221200908 0.761692814482153757 0.455264993965055043 0.590366640431403633 0.669014480472316153 0.428471002211396779 0.273692022349558028 0.326256900789893667 0.858690900610373342 0.425474778074658944 0.582289774524257897 0.431124686647356148 0.477413683152057677 0.597748307114607913 0.469650378413776215 0.392128038748072116 0.463900396399440362 0.590530297364240342 0.568189333728019497 0.183260074715150045 0.661342223629996284 0.410864490009538286 0.688011522584168311 0.575207636076336626 0.487451975501385526 0.760310310339399997 0.445757699660817686 0.152070762964747086 0.881515137390323833 0.72991295971461867 0.293219087725181127 0.221264200652651288 0.422776136046632001 0.431732590747142764 0.36738943698370341 0.614142797940443241 0.602743194813104344 0.67411585090583348 0.775392754269520701 0.486087067220647873
