1 0.623120188201219394 0.554435050711194144 0.648016345193445975 0.504491362382893938 0.379833198216197321 0.449923389814031127 0.08573394120032507 0.581690005349263517 0.912739658359384087 0.409069516020643231 0.810294977390656479 0.880532940309318723 0.319204024967617572 0.734045717085552107 0.458626551311861252 0.226873950713220141 0.369622720474131361 0.728019924216140035 0.912670636952633396 0.447421241075224962 0.538806612842434696 0.75769796168161252 0.553249933944578887 0.724722494116201599 0.432006634980067306 0.649152765724506198 0.397262416338453939 0.584724440409086776 0.586044569194900999 0.482321330321482056 0.797415566111586482 0.422417224550359682 0.302701089506420162 0.643337176119883614 0.468482120463476925 0.506808833029559702 0.720824087327421426 0.159330471830026577 0.442803665122881496 0.536921146671936578 0.498634158164407815 0.587983696069696027 0.130583773952847482 0.313901211428723848 0.589665105789839217 0.802738179500696702 0.666769985687644784 0.261642409444795665 0.318198089389852945 0.488177131030135047 0.516598007739896614 0.127323254399195784 0.148473477808166887 0.0789638280280766658 0.641708575251311419 0.83736601974133551 0.912899696764279955 0.110120679023052115 0.45561754809173638 0.357864910661102487 0.420045668448756127 0.463724326360673844 0.488494325604416968 0.232572756301507311 0.584039460503004815 0.291071199938888858 0.419949469468516412 0.262639160245924153 0.386576166432733848 0.388703723734645568 0.457537775072956121 0.530770610290928868 0.219984711949706035 0.573982658834499282 0.252957456508820955 0.670998926751134595 0.690309888835862973 0.172383726279408789 0.666567123822941587 0.136349611615219524 0.28919635110778863 0.188946802137596626 0.735260587271939992 0.380602343179944902 0.552297117700466078 0.104207711614757947 0.417541103609787578 0.489543824887915036 0.503849266304980725 0.322211160276416608 0.364102541454801365 0.511223035718322727 0.381337829152135654 0.61839845280662753 0.673625001531785506 0.390985137979693587 0.934481187856808226 0.758839804972234355 0.689802754413206598
0.623120188201219394 1 0.471347553190918811 0.234345280118843591 0.108461244245291577 0.171113102302223652 0.705159755335514449 0.755214472560606032 0.51467457000535255 0.609367730230563454 0.650398830100594294 0.259648665062307549 0.386943428438116577 0.18754421625259321 0.28028962041979133 0.286841259375944624 0.405211057193840318 0.38773150912219867 0.307596147734893632 0.31145733656333574 0.610142400707222698 0.652042506526029353 0.213603876050250885 0.580129021225717523 0.494563322813571071 0.738736456468432889 0.64892529239522867 0.336139879984005963 0.350495662291561261 0.610132518087881937 0.397778356330633631 0.549022591716847974 0.335533374356571157 0.513729816961572494 0.907993574019141936 0.634252446088981237 0.729656370502461016 0.347503712071790316 0.514044720785936327 0.857062120212345402 0.501689748522277434 0.451300347482269881 0.515090662899418184 0.590919846953794403 0.558715399569051474 0.459971671842376195 0.621972529081986858 0.931543389719556192 0.525920268788154233 0.363167858856215053 0.431464667307303928 0.436059715699956496 0.511682267677577296 0.64309914789797884 0.520107469641998499 0.0885368362945559984 0.489490482234772317 0.226663049553923468 0.465442429831277038 0.902287835925996484 0.464649469853541719 0.714151221030196348 0.230689591494469659 0.505087404954426722 0.146356345897064366 0.654904880739233475 0.152751340642579114 0.505030138350430535 0.25257891273087818 0.377566351707935954 0.41152194271440401 0.879842722049854919 0.170651934814817219 0.488734312509817359 0.322332526533935404 0.429294591495723132 0.687135489911824715 0.829947238770396112 0.359438339525441575 0.548579747329161815 0.440035830483559653 0.529962615979314489 0.663052416936960265 0.223183323882614859 0.556485906814784048 0.42199266573464278 0.575427798681604097 0.667128873327801797 0.164079017231350432 0.282220801629246898 0.790491554900261129 0.247107137267374766 0.691133611109372659 0.515827885920258744 0.160543441394668918 0.5281264813003268 0.553850388071112643 0.0133276677395928189 0.877783463252639673 0.55398829830694496
0.554435050711194144 0.471347553190918811 1 0.534889010397844089 0.891859890734852501 0.76947839160835918 0.396492700334515114 0.311602189962416731 0.578203464346156215 0.305330494346800485 0.541597251829335713 0.259199188338941622 0.556996621813719672 0.189585468482353248 0.416642336351118692 0.33959222282978363 0.160893873331498516 0.352145239831326728 0.342338495930361253 0.818124273675709723 0.384304604766718683 0.381269068655593735 0.226480282558157775 0.713969850638582315 0.378849055323223882 0.571080662781977888 0.427823515502521401 0.748057558641887388 0.523696203510268798 0.521219712822819758 0.501435253189442376 0.668382505957717643 0.670612192214495528 0.418048115739439563 0.648830057614422029 0.644308461437269053 0.648378413948920373 0.476495008026132205 0.654342591865252454 0.392120786606788618 0.666499673648885071 0.802398438768685107 0.378159131176198482 0.279552244420485763 0.536421302931278099 0.47448225606908645 0.443120115699838779 0.411847552244091974 0.130538518868802633 0.115465835223411695 0.0320363843380873092 0.64245368183462559 0.811210406126165573 0.573598099267759731 0.249789825247439534 0.288783043294869368 0.636408494235803257 0.705219036127947785 0.492334373591723273 0.634176072965505044 0.658634359809959102 0.267393150199236151 0.376006319366000596 0.522718243325176024 0.48829539779512332 0.323805434120261748 0.631895939298717346 0.354657823346142598 0.348866103443318254 0.651520946055984984 0.19859120231941696 0.308761977275541222 0.555445437377076079 0.505077557810955424 0.415290311005535373 0.530595756829306264 0.388975038519133842 0.126866513103522927 0.590472904956579114 0.448510771512107054 0.774987435958632287 0.503524033634951795 0.470219316362061601 0.3794748965248399 0.69034066369463698 0.2654331697924871 0.327191268613650665 0.593897029265917475 0.277563502910239901 0.358672686808199748 0.478959698928802968 0.727866793531081524 0.347282863742468972 0.341260740161501541 0.401901944362070385 0.502767765068393158 0.321562005981337329 0.724474964637363272 0.899945831179443934 0.31123091372300371
0.648016345193445975 0.234345280118843591 0.534889010397844089 1 0.487634617527020753 0.442571046555782277 0.354617828323824269 0.404615827835790975 0.18132146576344399 0.590257695098096669 0.275906664016528413 0.413736977280462437 0.890811573290284819 0.794683049636513594 0.661498088963448971 0.660220666509714116 0.500709994048208706 0.578286716296900649 0.134410996312333886 0.819163146657781782 0.822995137697240642 0.340424650914093352 0.27801237290281966 0.807074149899752458 0.549280610663255731 0.591845439373115845 0.749015770667863401 0.546709325178884709 0.132523575685129291 0.491284447602126084 0.449956610184424122 0.374018167778387034 0.520613513165148811 0.322171177824784882 0.575168041002713126 0.618290780030971154 0.612000581951726685 0.299406361964434486 0.800451844884367048 0.769864317459027503 0.491726917348698667 0.832565251916586702 0.355810784952769854 0.491323835521775609 0.685993430290160688 0.722977457850689009 0.481667934230010641 0.547731186612185117 0.2919453372777574 0.69950979924134149 0.467556014242166196 0.53195097058927332 0.420385271692553797 0.603644134418397371 0.514345049517536457 0.509529737327967025 0.538577539414492046 0.493002338155070663 0.756522298974302787 0.456551312527258779 0.417127673173891877 0.582787818165150462 0.429353528955805697 0.741586800757810582 0.378135492354472857 0.637061224759865596 0.897657072251115462 0.353566414537126228 0.825938789527441264 0.393172738543921207 0.399906753627438549 0.348614193881850776 0.496847214094001011 0.81526667684844889 0.440110201169661597 0.207629315060743114 0.422574339892086481 0.232946699372979182 0.471998315815898017 0.732099726851554333 0.332231768230783597 0.134941874074162138 0.423751860040424866 0.632889998930822095 0.0859952878185681335 0.868865941373996087 0.836462666636049734 0.450600914893258486 0.38153811578535568 0.289044451796811597 0.657984218632198692 0.635264888274307715 0.541254290006349725 0.488672783881767159 0.590153693664784429 0.232989675608599511 0.443845350385301485 0.82340651761488437 0.706796107187215972 0.575339325095964638
0.504491362382893938 0.108461244245291577 0.891859890734852501 0.487634617527020753 1 0.461582137631010636 0.258348788769667381 0.29978150019804084 0.249545964283980348 0.628240882404359491 0.474367821068544249 0.303322485785231133 0.790118591225011491 0.73420168071173908 0.685492488356963081 0.334434622914393076 0.585484181221536559 0.338246130496343556 0.38296837949658169 0.582582394811870463 0.62535488017139873 0.783059355028423942 0.418857715246478191 0.760317443413280225 0.723140172627781408 0.666233532497030434 0.45153390019261086 0.619699703821239956 0.744540184611745426 0.519956896009538094 0.516155671138300631 0.398906709372529256 0.157792729765731221 0.72105578055120545 0.0244854164104386651 0.444449725077143087 0.278287810577467654 0.299947742464248268 0.0697588665249345707 0.495858861148487984 0.112731997755506907 0.892723684722030453 0.590021060407939446 0.316106993515705037 0.484559620432729821 0.431636031342161886 0.251307716517152446 0.15734857564852156 0.280720361942397578 0.26532024532575027 0.621511273818790899 0.697695407564694725 0.655347533223480605 0.741015816287307838 0.138321187381747257 0.541814011403693785 0.55934504180377087 0.120715286909597985 0.521828243283735782 0.570043478474754783 0.728982660920543202 0.640101588194136539 0.674867673904869236 0.444234458611244221 0.360104303164143547 0.468235472942994835 0.540386460058932316 0.33268926423324785 0.191628587220635027 0.763174385149080425 0.315750562850799277 0.518766913283574049 0.482252125996688985 0.352216282623767807 0.501729886320345875 0.61111075375212065 0.902320372429200601 0.350580038290911222 0.321959602495236696 0.675639566689051785 0.425671413341002225 0.629577217783492404 0.488565403909838825 0.434504505012018205 0.3179220070523332 0.432699791519023491 0.364343063031655867 0.841827943971878767 0.289806916999518438 0.364529153178837051 0.705427164404387019 0.770148966681165614 0.467380154705376638 0.547655031550867921 0.421905922092035146 0.338270924617010915 0.383698442689001995 0.80935237801826132 0.625227863617559443 0.916593206287581896
0.379833198216197321 0.171113102302223652 0.76947839160835918 0.442571046555782277 0.461582137631010636 1 0.552492210410638673 0.268562125572546773 0.50908986390676314 0.941248540715986071 0.194095819440232353 0.416325015269410903 0.619299496405966821 0.244779709895294184 0.393313576725331071 0.693210395302794602 0.489727859984335212 0.762619824518434575 0.412535739809696933 0.442398237731332911 0.208190382685464859 0.456391055009067959 0.380579117668939926 0.184038628679012328 0.445876285451893617 0.538856764955963685 0.953827666301538812 0.242364809585241758 0.193211701620062515 0.43613196335767257 0.737724592488762543 0.434510605176424036 0.465545146856557568 0.425639311776107476 0.61353914666638798 0.269770286949931659 0.626082461602064821 0.939174109880963615 0.330755949383090497 0.66783299553801978 0.458045445047685629 0.751654362632466322 0.69713414061802581 0.864758934837709381 0.348777183769948707 0.805196859924888209 0.407147800881160205 0.787703088818647701 0.202932006145701838 0.40656498730240398 0.0920526632616889273 0.739402916940058441 0.454048736399847108 0.250971823932096605 0.680878498981295932 0.741408922175876062 0.607170431824280432 0.406768749700952226 0.744973015623895174 0.311984570768778058 0.472420744112804103 0.806964823900175654 0.350376199706849745 0.42649552412708891 0.437846775025755752 0.688500893057249819 0.381296241241737999 0.433555866218518382 0.259625046243363578 0.61957987450618579 0.370544836984988302 0.454130375380203066 0.667842658075669005 0.671637582211608741 0.515763996052239992 0.700913028154094286 0.697666882395352239 0.0205654713129846956 0.44746644725326068 0.445778401940590152 0.375118792588595817 0.867037497476139118 0.330860422933362708 0.637000892602909152 0.505978717819536294 0.491599737599311526 0.156338977550533387 0.419429954248006109 0.686439322406819707 0.0918165461805346972 0.644126147463316201 0.284322833261898111 0.710527814249402034 0.552166234687242019 0.316180839394785251 0.217958433878343016 0.449078631817982687 0.393502887648164767 0.461745482635243398 0.720353414504248279
0.449923389814031127 0.705159755335514449 0.396492700334515114 0.354617828323824269 0.258348788769667381 0.552492210410638673 1 0.736583557881425932 0.536651742893413553 0.527901308318436846 0.805631485409806558 0.816332300105018893 0.358906158805458286 0.429566224227045268 0.411085363880753452 0.334246115994697668 0.768246074544731705 0.605610857410973868 0.477598688165883245 0.251596228823872003 0.433204441797392148 0.69981489638297889 0.511847538947101333 0.547478257292427606 0.690395014869253032 0.396190249604103428 0.564838893148986054 0.521256536748054056 0.374784536612050356 0.277478243437561112 0.220079432856234325 0.737030968246213503 0.857750427578085173 0.571679062770885871 0.701127791971936309 0.436609137149327475 0.887898448277430807 0.767530436634345614 0.349159233298780292 0.501491727199144588 0.399299393396503111 0.282593208034985111 0.356184340544278832 0.0155804490445339283 0.666164288128229032 0.185917158017741002 0.667309941570546572 0.313137192529638453 0.0561971337963509399 0.890646320428312044 0.502660039121673563 0.621176378522555028 0.177602606863707768 0.873887928016150894 0.753748896382168576 0.287351333643072082 0.620087586673270685 0.421284554062789529 0.777479212568528921 0.443990145080969234 0.416043370268133872 0.584030806099814503 0.631179509392348348 0.891923369972130953 0.328098150527301957 0.371464146788820226 0.115378861702590152 0.529339252967135021 0.441128136243401192 0.0763383745781719414 0.753174406657972639 0.93271583453487783 0.375957911221569852 0.711752537552661768 0.64769270383952926 0.453105629302266388 0.498294631034684743 0.408088649867393571 0.787464207571919816 0.526815952702639478 0.455725246619466451 0.515571196695227552 0.327124799099722363 0.721335216551518221 0.174123592835875307 0.863244134876840374 0.757749523857191853 0.525144963178923785 0.584758969808561568 0.366096883787728533 0.573753222461083068 0.406675154177312259 0.529964295858859846 0.689998258038594381 0.280733510739124337 0.793868664966548065 0.166347860202743947 0.318255425328869634 0.469923063830463894 0.6213256354650466
0.08573394120032507 0.755214472560606032 0.311602189962416731 0.404615827835790975 0.29978150019804084 0.268562125572546773 0.736583557881425932 1 0.690652602460140042 0.807390859561510688 0.557623487714555277 0.5132863864813062 0.626640740585224676 0.41590298967003192 0.883015805303197898 0.600276293353209645 0.251036317872611825 0.377537755271643349 0.722244671677137129 0.449737091877703166 0.638999786689649074 0.535422373929659634 0.814565447320763303 0.535490353681611353 0.396979273949237266 0.521846500422522341 0.481568155332514625 0.675158791125582636 0.192988778453459631 0.750257744017108541 0.617989152959141919 0.979332888135194035 0.458564233649864872 0.411481911027710145 0.71000254265336904 0.286220599861014113 0.241357611135155414 0.392438279074405427 0.35079402150270067 0.578598576633534645 0.378701293641477754 0.385822479423015174 0.565978453685478056 0.813807903028328505 0.925644663230029141 0.817683294512673076 0.29383638952568325 0.170368053761456029 0.477924210220315837 0.692357403565833085 0.277511653041128126 0.557558096028707983 0.250335108407931939 0.670181935190781508 0.612708420087313188 0.220445697416075559 0.405448871122020549 0.387974361968545844 0.769376767120493854 0.641598765698386142 0.320749328382740728 0.273958433785352673 0.501875654751501088 0.63728645668071815 0.433875019054359878 0.490879731181158019 0.271096533453574429 0.145824008562499552 0.0870977345873638065 0.367469784242364428 0.520636647737279912 0.47985013722802583 0.858325888868413656 0.72548319472270173 0.699350098452072855 0.8298686077607208 0.595296743031161424 0.351225208867443905 0.602025864416939172 0.440543120797736831 0.488315725773985854 0.329605479373684895 0.470416692561747007 0.724740621652891437 0.492651467920797392 0.553565532095009805 0.432167612124705114 0.825062841266975822 0.618950686067843092 0.796030019018054147 0.47063087653097746 0.155677920867671959 0.615675593112364972 0.211029998818071052 0.713494764177827312 0.277449865861409073 0.434603242461040984 0.620077732854676156 0.491544569444723578 0.564960503559354343
0.581690005349263517 0.51467457000535255 0.578203464346156215 0.18132146576344399 0.249545964283980348 0.50908986390676314 0.536651742893413553 0.690652602460140042 1 0.676158335031436852 0.679446674908718684 0.670709087199948151 0.461262320799680769 0.344639321388797937 0.849772970925512405 0.799772681242775674 0.586246386426754418 0.711395769504295283 0.399261660753698511 0.339784610424208822 0.698376051394353659 0.237259597659132071 0.350780535448701469 0.471446687386343433 0.117429423973018698 0.766645062999281812 0.429690785006059173 0.473235894214281472 0.296225133644782535 0.614635684137779248 0.486511701107554151 0.392819090774488733 0.555079670350360432 0.477307430236652896 0.502826842120731365 0.506938962354951395 0.708065457065387038 0.379491005767113587 0.290375174558798355 0.215826071561672883 0.407778781391701095 0.296789190271967041 0.293723954336614246 0.264117308130669248 0.293071817177577465 0.435530987301019135 0.319059212041686857 0.33019005233091836 0.278134924857120103 0.191767125235310476 0.687504506358772693 0.696362466750858777 0.157132794862824277 0.457110115273603901 0.516261828619943186 0.673626779653003993 0.329679324606368618 0.755452769848470762 0.311719976165054646 0.613630649857905164 0.314057020828585332 0.244611886281264734 0.536590994353304152 0.389421043586383964 0.4512622274594289 0.950378486370613507 0.296406354489819002 0.386011684766323748 0.129271788616835304 0.578624261249220284 0.311424276632240371 0.870209431821762358 0.333834731934174567 0.50057037642846347 0.388838304257401512 0.449120735276625549 0.515281211465489664 0.450355073296268449 0.431544505949586821 0.38125864093345152 0.571049287411804052 0.7485022255637519 0.18192590671585751 0.361062657888050809 0.355278760458766829 0.450108234527450524 0.523635716945657359 0.581423582795082217 0.815471268493551227 0.375624409803122283 0.54139393419973747 0.741460539559018472 0.640974553531633129 0.365257493775545394 0.295815485102816522 0.34866468929772676 0.251546181140047898 0.611721050632336283 0.283963671920720362 0.459664229534601176
0.912739658359384087 0.609367730230563454 0.305330494346800485 0.590257695098096669 0.628240882404359491 0.941248540715986071 0.527901308318436846 0.807390859561510688 0.676158335031436852 1 0.831373706732229545 0.547969094495838638 0.507148050612272638 0.56385836822607871 0.33870494752824909 0.637994368302990278 0.663490956622900807 0.598885454904816372 0.580504056905700838 0.548802665101065346 0.591544720643619959 0.614193274031821335 0.12215122605295281 0.427726847269121468 0.357166519752601275 0.33200214597484079 0.454195340505154865 0.409056056617290165 0.470296655361246652 0.444752097710516603 0.189873435551797254 0.882766037300320328 0.254688091511259818 0.715942913899438094 0.325368098261191729 0.668730718016338765 0.541438158233469968 0.501834928555065729 0.405409814909500898 0.243392865035712669 0.397935447374320184 0.186633110862683971 0.512445901406938686 0.395480006320263477 0.666078970448079621 0.3723004362453739 0.372124499110842555 0.533480886906094076 0.663739226972605567 0.768434566196719571 0.448067005425215825 0.53560197615842009 0.878756038896048919 0.501051629617181637 0.911649821042495923 0.144995640824182592 0.590550108203405033 0.278895194554187764 0.473688948650509034 0.438373451310225648 0.545607132245428894 0.281519271548649641 0.40529113689667029 0.565795564762978431 0.64812319559967202 0.223045188364825675 0.618799409243493415 0.753323355505465697 0.412743695239079944 0.326485122768672253 0.57349338565667396 0.387194977999934631 0.0739540899715075417 0.633858530425119859 0.346310853201751589 0.365441928654983039 0.74366523831782072 0.91128916890256062 0.842127963335826957 0.392862895286136271 0.289475526654152659 0.412233095234682656 0.843735877484933283 0.772832304359456046 0.84219347910175002 0.761287325017290573 0.463631106088316702 0.317156584788122808 0.566157027158198156 0.624426510935189416 0.636171313069702871 0.514337095445429826 0.629552110038253177 0.216829018162266296 0.399087489069557599 0.643395123929639157 0.200705796066905751 0.22577502768204416 0.634187043906732084 0.405755604825615679
0.409069516020643231 0.650398830100594294 0.541597251829335713 0.275906664016528413 0.474367821068544249 0.194095819440232353 0.805631485409806558 0.557623487714555277 0.679446674908718684 0.831373706732229545 1 0.600219304886441263 0.380173540138513677 0.535582186718945197 0.661791843477347319 0.545055689553730072 0.238648830925843325 0.712098949717871799 0.396509638507791196 0.754286995190984966 0.478434800495076917 0.65029882686240037 0.545464327091291334 0.496184021126117591 0.375532434444673546 0.626806899927128347 0.298186689980660224 0.194998437062018581 0.501857212422988752 0.550999436787416363 0.21970675306120957 0.508595268410105827 0.281581983309661776 0.549663085958866926 0.381586590568123052 0.114128371761249903 0.487667378808589014 0.840954189667763696 0.621028866306652994 0.521049408579333684 0.508823192687186232 0.730103836225890923 0.386570356897226519 0.748286614063499167 0.303980659520223906 0.0878865073718710921 0.602605424210367113 0.805669263190873064 0.863887120215115378 0.380452601352144537 0.589485436316322664 0.256943042579608427 0.545432964412053689 0.22251617372757182 0.370844487412012702 0.501998867353417366 0.35056266344745457 0.166146311240033207 0.519554191878389693 0.36997849882468592 0.274314864016325988 0.434930149184938664 0.408312207603076072 0.885804125255845509 0.439970339838664737 0.237529932156974599 0.282786239247199589 0.461471574022769504 0.399591022451678546 0.463831261369125558 0.281893851176386878 0.769379511128336357 0.711809835408391156 0.602232045880817801 0.638985888995501683 0.529980115073394042 0.640203265257778709 0.354150114181309483 0.642288285415911542 0.8895578985465592 0.414851035215077379 0.215200336983972784 0.709658053115962639 0.518467153590737917 0.479080224427878676 0.102741991945532241 0.297149578106912227 0.378046848335346963 0.136175926505644362 0.82032723747231806 0.771375527596315891 0.639316010687679404 0.499794087423632183 0.665347635882303834 0.49835389444223499 0.272986587498906252 0.46193449780370277 0.630487737502002599 0.644226942452491458 0.550589097278605832
0.810294977390656479 0.259648665062307549 0.259199188338941622 0.413736977280462437 0.303322485785231133 0.416325015269410903 0.816332300105018893 0.5132863864813062 0.670709087199948151 0.547969094495838638 0.600219304886441263 1 0.186738139369436951 0.118477966073569529 0.451857345728447823 0.254465504801819287 0.398522459556898134 0.557605975936951048 0.834955676444923189 0.413074826034693698 0.739318106833628752 0.458791734266480677 0.648936120028859253 0.882538542179251539 0.374837044611141978 0.437951027359725131 0.643105106195302922 0.616578803030076505 0.483983368434251826 0.599373638313554613 0.510483150993693791 0.469078668394684151 0.55201048745081116 0.650112824902795983 0.815827005442416375 0.230712867364198937 0.757058462330820969 0.685988267603771407 0.209003964486081495 0.666205502399188298 0.860379367280981411 0.664198961848947445 0.260747149865640626 0.644695112892383237 0.262546806878348526 0.657307078399306133 0.199791697869342921 0.517810518372338713 0.382949673977015959 0.305398715307034108 0.251742886531943544 0.582794428581621227 0.358335304406621313 0.614445712327906679 0.476858765258310502 0.364699022895023983 0.394117977550102694 0.266221201217348602 0.839757132510937643 0.72321902554149875 0.72549447404420464 0.670148318670734655 0.448943041273992871 0.467092775341640287 0.29039788105281561 0.253618364448015221 0.246185213284035531 0.291559844782198319 0.663786963124284424 0.500902645223972209 0.503520452966535359 0.349162367013991393 0.744258534206751587 0.212976898299369721 0.916269195675965209 0.405348805304882265 0.321467356958762829 0.582686124223928958 0.355089090276797359 0.149581654159336774 0.621210212217689461 0.543579907014855479 0.396444826407832851 0.668611232818119294 0.684754605528100857 0.493659132204424589 0.484163809894196717 0.512745781190178218 0.582396797903622199 0.654597096440058479 0.369942115663275617 0.585058797147598342 0.440709098771958629 0.543214631216307309 0.491217337826174161 0.151703508036011403 0.397698820184235302 0.649633073949154483 0.947374026554186455 0.331746426689145779
0.880532940309318723 0.386943428438116577 0.556996621813719672 0.890811573290284819 0.790118591225011491 0.619299496405966821 0.358906158805458286 0.626640740585224676 0.461262320799680769 0.507148050612272638 0.380173540138513677 0.186738139369436951 1 0.770551175290047685 0.188578263553034198 0.456689077807770905 0.736129284260572669 0.289923956674977945 0.430944994302243867 0.579628300320699896 0.526844303554678373 0.581627285533389049 0.280743491055605476 0.523351765073724273 0.6965948522053651 0.420291214732217089 0.544983959726918266 0.744088405266298936 0.064325475692004197 0.649205949930416581 0.521277158312220101 0.0230027334795034344 0.315456142678481211 0.492069780883586105 0.783344078950043099 0.576758863192992521 0.0387444782674062349 0.65534913643895909 0.635744615177338934 0.347409618456184344 0.6480285257058086 0.42862908548637102 0.626129726470640691 0.152648819645283762 0.410861191253420355 0.366835393568484713 0.356432741395372288 0.609161812075534881 0.466228581050611046 0.459756286439090722 0.574054412857648133 0.234089226832474795 0.412619950808282177 0.69889311688236877 0.742452005637432855 0.146992859711561952 0.627488009585246087 0.451883398303192463 0.380473897999817456 0.400612867667996864 0.458948273406967089 0.539503191990738262 0.320063872663181259 0.955226684587322294 0.669106393048887416 0.52354344346617443 0.261412032297512309 0.800261366643402638 0.301484418883861016 0.627717575800375793 0.259116514038661983 0.702068191606217584 0.303927028342195982 0.707234859926291648 0.116628602045918406 0.48895346362732317 0.422606895365623902 0.477828325408996224 0.474013131933914478 0.127320401346405876 0.648706045384401575 0.449261667920270114 0.602308206430663073 0.597129741512946399 0.53302452301810288 0.494015075298120054 0.830334399325438399 0.196682311814434074 0.60174281782367145 0.572842963701709174 0.341267729901540084 0.510558419336177183 0.568697516223162225 0.453905710450495437 0.982560698595129622 0.157545206665894111 0.273996344889550825 0.38280967393983234 0.223377005886601143 0.599193007084936946
0.319204024967617572 0.18754421625259321 0.189585468482353248 0.794683049636513594 0.73420168071173908 0.244779709895294184 0.429566224227045268 0.41590298967003192 0.344639321388797937 0.56385836822607871 0.535582186718945197 0.118477966073569529 0.770551175290047685 1 0.846090356589155546 0.576934043653980932 0.670093269173259509 0.533070506245598374 0.532020728569390755 0.593722883872786156 0.881500428758914989 0.248445564337307356 0.248304830489595507 0.686859980483432553 0.367684067998143904 0.318372694183729377 0.526288046241619067 0.0489786821746408529 0.840118804334830882 0.446161151998172967 0.784996426973753936 0.318618757954759912 0.652140174510961623 0.698560052850947244 0.731637280289563652 0.653741449372304384 0.243301137666519507 0.663794274683246588 0.612848535820395446 0.74231679848419474 0.168010892880565699 0.260687517188852413 0.659611376092464674 0.653302250781178762 0.31905232915418491 0.928684674712547453 0.215897444701737329 0.244130198295486212 0.428217397778200559 0.365451495665147341 0.525626941666540892 0.297262301632108095 0.463276695922614667 0.356383230050739241 0.212093601478310578 0.0800170106407583903 0.49010029398485222 0.692953701678760581 0.445802811384623743 0.238918641021779399 0.300537109663731039 0.493151313723786511 0.581957833252758183 0.453933906557157485 0.779854539651426371 0.394239012698514468 0.358601315965635825 0.57853145310063292 0.303580677240134378 0.433003903989563232 0.743111115169106329 0.818600776698911292 0.511877587241501897 0.0703766940661156859 0.414056248449787612 0.522505475998214397 0.418992673550047989 0.644637856470519077 0.750091593427329784 0.168313445589317046 0.549998821437247987 0.526574133850855164 0.150141673521666852 0.771877619920616986 0.181691491725621379 0.963179082034909984 0.599028543109821454 0.773453105162647425 0.136737977107623365 0.501564423865111575 0.599259857815918728 0.171035852711810765 0.574569092225524325 0.425983451480305364 0.772727714923990061 0.512165710783635708 0.352254816278731009 0.538867976272114912 0.630215039953655576 0.726684534396645265
0.734045717085552107 0.28028962041979133 0.416642336351118692 0.661498088963448971 0.685492488356963081 0.393313576725331071 0.411085363880753452 0.883015805303197898 0.849772970925512405 0.33870494752824909 0.661791843477347319 0.451857345728447823 0.188578263553034198 0.846090356589155546 1 0.232065273038097208 0.744943496644322467 0.333971625873844657 0.785047180368216968 0.434401006911277809 0.474109607259966648 0.361609892239299402 0.499470572979678673 0.533813831717393494 0.212169826082028501 0.454907697574565173 0.779124325899367198 0.442241337496524167 0.221707975574809701 0.521899353201249916 0.64435443742167009 0.440183414491822522 0.704466688206210279 0.51220074399335136 0.176583694268067415 0.810192276014469415 0.720487185972143673 0.553153953849514712 0.58310825452504278 0.327742027035408334 0.480455428994441602 0.407486147323512737 0.502130728479730726 0.650104303967327657 0.519780821958501837 0.50008362238190196 0.49958573220475011 0.803680429674681895 0.377872389466092806 0.313996943158792785 0.409335586585402478 0.519217143028271044 0.280359433713452511 0.444369534592772952 0.793385438245431396 0.817841517004870733 0.395565632014935664 0.0800685218774686014 0.30915198517096365 0.545385918981388107 0.37767299428003609 0.458341332016998781 0.798135940063980254 0.724198813171392342 0.0641397853565022213 0.819205433486810852 0.546655502036117236 0.682258975567822556 0.444723938181169398 0.873034941433186162 0.511052717831373737 0.671462602255409102 0.393245483207411262 0.458579317881079085 0.615065661044767786 0.265770339340754003 0.598904108430406312 0.528017560296645261 0.384948090847933688 0.924891055296078846 0.729504484552631283 0.415070985629585443 0.53260171929548461 0.423811678739999032 0.503853396235730111 0.532235929026604992 0.414193382195938598 0.484234170373347927 0.89133685781567229 0.713076144647002863 0.506126154346490442 0.237613304458302865 0.879816827937095702 0.749096787975263689 0.648523205213692333 0.534100789139932308 0.528652550671641519 0.708705147720282591 0.895639073773890959 0.81636308167309124
0.458626551311861252 0.286841259375944624 0.33959222282978363 0.660220666509714116 0.334434622914393076 0.693210395302794602 0.334246115994697668 0.600276293353209645 0.799772681242775674 0.637994368302990278 0.545055689553730072 0.254465504801819287 0.456689077807770905 0.576934043653980932 0.232065273038097208 1 0.408792074084043389 0.616815178369592099 0.492625501917751896 0.503485118614514171 0.0678665002109645199 0.268988268521798579 0.269275115063545734 0.719697557539705768 0.542076038816442507 0.179349988099192226 0.639403607132852159 0.28424574397661484 0.329704679346604634 0.858924926871843852 0.40743155855219082 0.552201035124963546 0.310582900670802742 0.39634177726865083 0.552717959841396489 0.706144872868915696 0.671193604823303813 0.55816836093130362 0.241239800477510702 0.410704006075520933 0.665837260597319514 0.963013301031711566 0.527521684236409438 0.504184169843015395 0.526970378923439675 0.214406574316677867 0.604277564299051884 0.774108881251056036 0.626436822665404236 0.56179409174925321 0.538176972781914786 0.574212632083747399 0.546126678887359773 0.654571359026732136 0.822962998253786493 0.627065539657202575 0.561907012869298117 0.0284343244978084719 0.683441837749035441 0.787310710046580819 0.378570585570673579 0.808967049624318757 0.699432671639186987 0.4777437911676925 0.576025732675793156 0.631465861749526347 0.402391864478373384 0.567209087968511882 0.653730056155597317 0.528761324399364074 0.422784931713435341 0.17518064386197929 0.371527225670295946 0.855078308128608855 0.901158664303973511 0.665920860963668537 0.511836313896032236 0.282012655454380479 0.331361749590398769 0.560670983817107116 0.678860800949078191 0.592912027833237043 0.532740188170781614 0.235207780123896759 0.691082073439787115 0.579535778519832068 0.525286977086771745 0.542600673352322538 0.687615420073889094 0.608106198343649762 0.628679752904081846 0.69863040147372879 0.82503967821918478 0.412682495330314092 0.209531065743420397 0.90142997764191346 0.594744152149661698 0.213649815161084722 0.622789737776804797 0.495688936455912277
0.226873950713220141 0.405211057193840318 0.160893873331498516 0.500709994048208706 0.585484181221536559 0.489727859984335212 0.768246074544731705 0.251036317872611825 0.586246386426754418 0.663490956622900807 0.238648830925843325 0.398522459556898134 0.736129284260572669 0.670093269173259509 0.744943496644322467 0.408792074084043389 1 0.906242363492044345 0.589285760159380279 0.307737100785971163 0.166810947313162261 0.50218236100553626 0.971611627942831957 0.288874836129968782 0.629789571220429889 0.6080630828643665 0.0642344285768498002 0.184428353459659577 0.300502289576804582 0.479145409875206374 0.296928109194840473 0.675078933132104653 0.903150349709488598 0.541671512639841701 0.399635327539779484 0.105696950333401762 0.29064881813126564 0.747811960551690857 0.47249742516938642 0.805351392520249121 0.708279984955618502 0.480475624626226061 0.230895372834297063 0.358279647771327259 0.635672960467954962 0.580768466615917522 0.823145683264831729 0.397902977047044581 0.311734716422810365 0.693700308270480126 0.830222866541630689 0.692457286499196689 0.438619315420053058 0.578824501400834635 0.565506744642500614 0.249686166265756571 0.647578390148980665 0.275340773053224686 0.445706778315416385 0.105902715257990554 0.674446876955101304 0.631209948201313154 0.427766166235923562 0.310787611993865287 0.485592839336660642 0.84234944496937425 0.947315787525873532 0.550687255513812479 0.674421615771978233 0.462263590660630941 0.590219840063682666 0.316506668330147178 0.5390018862640098 0.420198804259992453 0.729228323646396337 0.507564137947664751 0.419012554686570171 0.781603121119541555 0.59461945964343732 0.448299025828642561 0.498416223400429792 0.533503059263409796 0.63849464643930065 0.835118799501389675 0.524972058861750801 0.0856730796298188491 0.79602287452861753 0.881049969368548291 0.500633240827395798 0.243471355239656129 0.652677415790072102 0.536128859018902837 0.476031934174528271 0.751298468071739056 0.84916781326352142 0.429341263747425983 0.809458194530036534 0.910551402900216189 0.558465968329809215 0.515599163924726156
0.369622720474131361 0.38773150912219867 0.352145239831326728 0.578286716296900649 0.338246130496343556 0.762619824518434575 0.605610857410973868 0.377537755271643349 0.711395769504295283 0.598885454904816372 0.712098949717871799 0.557605975936951048 0.289923956674977945 0.533070506245598374 0.333971625873844657 0.616815178369592099 0.906242363492044345 1 0.266876589977464107 0.464731709790348502 0.171662182920876427 0.691412357649117126 0.188928123086457123 0.733637110848343488 0.790806962986883244 0.713161436546559169 0.471622471704627233 0.201447369491981054 0.847702645760751716 0.577362822097395423 0.706183446091811828 0.965683319232801596 0.56604148530977394 0.539079705405042908 0.373004360746918007 0.86342139288872688 0.293734842290538367 0.757111391697032454 0.615765930866878253 0.730436076929390166 0.652062029546013888 0.19668052007891057 0.594946526652921914 0.475934913069821053 0.334598811857652279 0.560592005586076469 0.619217337635885268 0.260825290774075569 0.449636118169440158 0.562193069783850863 0.478571633897310944 0.469270180648673207 0.333582887979341214 0.429218041751958213 0.739362668095406961 0.315919739915683451 0.360816547667647591 0.213323752782876186 0.51438422465919964 0.539923581082935367 0.627133028258943903 0.224494832568103764 0.243961380575368869 0.209405247478915313 0.47338216548697587 0.508159461631347176 0.262621512838403848 0.426509552987513363 0.507823167281380439 0.153529821243868936 0.773215757531953152 0.17519404952735429 0.430229406879816922 0.597800498608023312 0.230359937652206304 0.561629948906702703 0.33814593757144118 0.521671257417637424 0.392081616107613273 0.328585481748070007 0.473972658851506301 0.744004268813920566 0.669008535685723937 0.375022144163739024 0.562216641680888363 0.325211288493787665 0.392492893802133258 0.890496317320608188 0.742283475541930526 0.381812678882853307 0.785997192171267622 0.795858286938680104 0.0748201011417948258 0.34007926651036513 0.672155234322528772 0.373319972699950209 0.0747988799975412011 0.570756402358547743 0.410806857871186093 0.312842319023951321
0.728019924216140035 0.307596147734893632 0.342338495930361253 0.134410996312333886 0.38296837949658169 0.412535739809696933 0.477598688165883245 0.722244671677137129 0.399261660753698511 0.580504056905700838 0.396509638507791196 0.834955676444923189 0.430944994302243867 0.532020728569390755 0.785047180368216968 0.492625501917751896 0.589285760159380279 0.266876589977464107 1 0.578634314435439445 0.452885816971197785 0.279887901236766212 0.509293271324396279 0.636016155254901072 0.59298057398815418 0.299694421384124277 0.585156014629820365 0.481567511855741537 0.646177699234363967 0.330907405427149248 0.44199562454875907 0.281862169835157106 0.403394656758101822 0.729157389646007403 0.421890037348049085 0.903102982262401932 0.532060799914439109 0.513411431172070443 0.738114760880017262 0.832601867868289602 0.869278116449566762 0.567876172374490285 0.684909922444268626 0.892473354510865402 0.619087881055558231 0.248268320172530976 0.697436789282106728 0.918412194867318066 0.459198710113500885 0.258831314295398851 0.56896993870337953 0.515790430359003738 0.890494260336631704 0.688556999671602998 0.435909982348890113 0.95378051761370819 0.190394770678554925 0.234427608963485135 0.669509607904826831 0.154800427443398059 0.308294057499813201 0.639186039905850212 0.443648702200574285 0.519212222001120827 0.400558924888810397 0.428972891057220362 0.449550876102119856 0.181890246227427443 0.621383493930803388 0.580817988525935025 0.296431309729670911 0.822205040183106139 0.173915204132691903 0.586231098744698587 0.382597939413054977 0.650197848233037057 0.746699582243290139 0.471274857122344848 0.291831109960182911 0.525612291855451663 0.58509428974712141 0.605956574434540096 0.569056022877164724 0.644196402496262754 0.849737606176433014 0.501500998066058745 0.557677163689379696 0.696024132433328946 0.86003697996801276 0.537866965062730906 0.142625205394093291 0.463754447158293392 0.249238136844058156 0.562402347140273262 0.384227431226827232 0.56510430371120246 0.451605673559139165 0.318667313625933479 0.329121228117094544 0.604841464996467959
